parent_child          : 0.559 ± 0.00173
parent_child_children : 0.559 ± 0.00173
store                 : 0.513 ± 0.0106
store_children        : 0.51 ± 0.0106
test                  : 0.525 ± 0.00175
